500
3 0
0 31
1 2
2 4
4 4
6 25
0 10
0 30
0 25 10 56
0 26 10 56
0 27 10 56
0 28 0 58
0 29 10 58
0 30 10 58
0 31 0 58
0 32 10 36
0 33 0 36
0 34 10 48
0 35 0 36
0 36 10 46
0 37 10 48
0 38 0 36
0 39 10 39
0 40 0 36
0 41 0 36
0 42 10 48
0 43 0 36
0 44 10 46
0 45 10 48
0 46 0 36
0 47 10 41
0 48 0 36
0 50 10 53
0 51 0 36
0 52 10 29
0 53 10 43
0 54 0 36
0 55 10 44
0 56 0 36
0 57 10 56
0 58 10 56
0 59 10 56
0 60 0 58
0 61 10 58
0 62 10 58
0 63 0 58
0 64 10 36
0 65 0 36
0 66 10 48
0 67 0 36
0 68 10 46
0 69 10 48
0 70 0 36
0 71 10 39
0 72 0 36
0 73 0 36
0 74 10 48
0 75 0 36
0 76 10 46
0 77 10 48
0 78 0 36
0 79 10 41
0 80 0 36
0 82 10 53
0 83 0 36
0 84 10 29
0 85 10 43
0 86 0 36
0 87 10 44
0 88 0 36
0 89 10 56
0 90 10 56
0 91 10 56
0 92 0 58
0 93 10 58
0 94 10 58
0 95 0 58
0 96 10 36
0 97 0 36
0 98 10 48
0 99 0 36
0 100 10 46
0 101 10 48
0 102 0 36
0 103 10 39
0 104 0 36
0 105 0 36
0 106 10 48
0 107 0 36
0 108 10 46
0 109 10 48
0 110 0 36
0 111 10 41
0 112 0 36
0 114 10 53
0 115 0 36
0 116 10 29
0 117 10 43
0 118 0 36
0 119 10 44
0 120 0 36
0 121 10 56
0 122 10 56
0 123 10 56
0 124 0 58
0 125 10 58
0 126 10 58
0 127 0 58
0 128 3 36
0 190 0 36
0 192 10 36
0 193 1 36
0 194 10 48
0 195 10 36
0 196 10 41
0 197 10 43
0 198 10 46
0 199 10 43
0 200 1 36
0 201 10 36
0 202 10 41
0 203 10 43
0 204 10 51
0 205 10 48
0 206 10 24
0 207 10 36
0 209 1 36
0 210 10 48
0 211 10 36
0 212 10 41
0 213 10 43
0 214 10 46
0 215 1 36
0 216 10 43
0 217 10 36
0 218 10 43
0 219 10 46
0 220 10 53
0 221 10 51
0 222 10 36
0 223 0 36
0 224 10 36
0 225 1 36
0 226 10 48
0 227 10 36
0 228 10 41
0 229 10 43
0 230 10 46
0 231 10 43
0 232 1 36
0 233 10 36
0 234 10 41
0 235 10 43
0 236 10 51
0 237 10 48
0 238 10 24
0 239 1 36
0 240 10 36
0 241 1 36
0 242 10 48
0 243 10 36
0 244 10 41
0 245 10 43
0 246 10 46
0 247 10 43
0 248 10 36
0 249 1 36
0 250 10 43
0 251 10 46
0 252 10 55
0 253 10 51
0 254 10 36
0 255 0 36
0 256 10 36
0 257 1 36
0 258 10 48
0 259 10 36
0 260 10 41
0 261 10 43
0 262 10 46
0 263 10 43
0 264 1 36
0 265 10 36
0 266 10 41
0 267 10 43
0 268 10 51
0 269 10 48
0 270 10 24
0 271 10 36
0 273 1 36
0 274 10 48
0 275 10 36
0 276 10 41
0 277 10 43
0 278 10 46
0 279 1 36
0 280 10 43
0 281 10 36
0 282 10 43
0 283 10 46
0 284 10 53
0 285 10 51
0 286 10 36
0 287 0 36
0 288 10 36
0 289 1 36
0 290 10 48
0 291 10 36
0 292 10 41
0 293 10 43
0 294 10 46
0 295 10 43
0 296 1 36
0 297 10 36
0 298 10 41
0 299 10 43
0 300 10 51
0 301 10 48
0 302 10 24
0 303 1 36
0 304 10 36
0 305 1 36
0 306 10 48
0 307 10 36
0 308 10 41
0 309 10 43
0 310 10 46
0 311 10 43
0 312 10 36
0 313 1 36
0 314 10 43
0 315 10 46
0 316 10 55
0 317 10 51
0 318 10 36
0 319 0 36
0 320 10 36
0 322 0 60
1 0 10 72
1 1 10 67
1 2 10 70
1 3 10 67
1 4 10 72
1 5 10 67
1 6 10 70
1 7 10 60
1 8 10 72
1 9 10 67
1 10 10 70
1 11 10 67
1 12 10 72
1 13 10 67
1 14 10 70
1 15 10 60
1 16 10 72
1 17 10 67
1 18 10 70
1 19 10 67
1 20 10 72
1 21 10 67
1 22 10 70
1 23 10 60
1 24 10 72
1 25 5 60
1 26 5 60
1 27 5 60
1 28 0 62
1 29 5 62
1 30 5 62
1 31 0 62
1 32 10 72
1 33 10 67
1 34 10 70
1 35 10 67
1 36 10 72
1 37 10 67
1 38 10 70
1 39 10 60
1 40 10 72
1 41 10 67
1 42 10 70
1 43 10 67
1 44 10 72
1 45 10 67
1 46 10 70
1 47 10 60
1 48 10 72
1 49 10 67
1 50 10 70
1 51 10 67
1 52 10 72
1 53 10 67
1 54 10 70
1 55 10 60
1 56 10 72
1 57 10 60
1 58 10 60
1 59 10 60
1 60 0 62
1 61 10 62
1 62 10 62
1 63 0 62
1 64 10 72
1 65 10 67
1 66 10 70
1 67 10 67
1 68 10 72
1 69 10 67
1 70 10 70
1 71 10 60
1 72 10 72
1 73 10 67
1 74 10 70
1 75 10 67
1 76 10 72
1 77 10 67
1 78 10 70
1 79 10 60
1 80 10 72
1 81 10 67
1 82 10 70
1 83 10 67
1 84 10 72
1 85 10 67
1 86 10 70
1 87 10 60
1 88 10 72
1 89 10 60
1 90 10 60
1 91 10 60
1 92 0 62
1 93 10 62
1 94 10 62
1 95 0 62
1 96 10 72
1 97 10 67
1 98 10 70
1 99 10 67
1 100 10 72
1 101 10 67
1 102 10 70
1 103 10 60
1 104 10 72
1 105 10 67
1 106 10 70
1 107 10 67
1 108 10 72
1 109 10 67
1 110 10 70
1 111 10 60
1 112 10 72
1 113 10 67
1 114 10 70
1 115 10 67
1 116 10 72
1 117 10 67
1 118 10 70
1 119 10 60
1 120 10 72
1 121 10 60
1 122 10 60
1 123 10 60
1 124 0 62
1 125 10 62
1 126 10 62
1 127 0 62
1 128 10 72
1 129 10 67
1 130 10 70
1 131 10 67
1 132 10 72
1 133 10 67
1 134 10 70
1 135 10 60
1 136 10 72
1 137 10 67
1 138 10 70
1 139 10 67
1 140 10 72
1 141 10 67
1 142 10 70
1 143 10 60
1 144 10 72
1 145 10 67
1 146 10 70
1 147 10 67
1 148 10 72
1 149 10 67
1 150 10 70
1 151 10 60
1 152 10 72
1 153 10 67
1 154 10 70
1 155 10 67
1 156 10 72
1 157 10 67
1 158 10 70
1 159 10 60
1 160 10 72
1 161 10 67
1 162 10 70
1 163 10 67
1 164 10 72
1 165 10 67
1 166 10 70
1 167 10 60
1 168 10 72
1 169 10 67
1 170 10 70
1 171 10 67
1 172 10 72
1 173 10 67
1 174 10 70
1 175 10 60
1 176 10 72
1 177 10 67
1 178 10 70
1 179 10 67
1 180 10 72
1 181 10 67
1 182 10 70
1 183 10 60
1 184 10 72
1 185 10 67
1 186 10 70
1 187 10 67
1 188 10 72
1 189 10 67
1 190 10 70
1 191 10 60
1 192 10 72
1 193 10 67
1 194 10 70
1 195 10 67
1 196 10 72
1 197 10 67
1 198 10 70
1 199 10 67
1 200 10 72
1 201 10 67
1 202 10 70
1 203 10 67
1 204 10 72
1 205 10 67
1 206 10 70
1 207 10 67
1 208 10 72
1 209 10 67
1 210 10 70
1 211 10 63
1 212 10 72
1 213 10 67
1 214 10 70
1 215 10 67
1 216 10 72
1 217 10 67
1 218 10 70
1 219 10 67
1 220 10 72
1 221 10 67
1 222 10 70
1 223 10 67
1 224 10 72
1 225 10 67
1 226 10 70
1 227 10 67
1 228 10 72
1 229 10 67
1 230 10 70
1 231 10 67
1 232 10 72
1 233 10 67
1 234 10 70
1 235 10 67
1 236 10 72
1 237 10 67
1 238 10 70
1 239 10 67
1 240 10 72
1 241 10 67
1 242 10 70
1 243 10 67
1 244 10 72
1 245 10 67
1 246 10 70
1 247 10 67
1 248 10 72
1 249 10 67
1 250 10 70
1 251 10 67
1 252 10 72
1 253 10 67
1 254 10 70
1 255 10 67
1 256 10 72
1 257 10 67
1 258 10 70
1 259 10 67
1 260 10 72
1 261 10 67
1 262 10 70
1 263 10 67
1 264 10 72
1 265 10 67
1 266 10 70
1 267 10 67
1 268 10 72
1 269 10 67
1 270 10 70
1 271 10 67
1 272 10 72
1 273 10 67
1 274 10 70
1 275 10 63
1 276 10 72
1 277 10 67
1 278 10 70
1 279 10 67
1 280 10 72
1 281 10 67
1 282 10 70
1 283 10 67
1 284 10 72
1 285 10 67
1 286 10 70
1 287 10 67
1 288 10 72
1 289 10 67
1 290 10 70
1 291 10 67
1 292 10 72
1 293 10 67
1 294 10 70
1 295 10 67
1 296 10 72
1 297 10 67
1 298 10 70
1 299 10 67
1 300 10 72
1 301 10 67
1 302 10 70
1 303 10 67
1 304 10 72
1 305 10 67
1 306 10 70
1 307 10 67
1 308 10 72
1 309 10 67
1 310 10 70
1 311 10 67
1 312 10 72
1 313 10 67
1 314 10 70
1 315 10 67
1 316 10 72
1 317 10 67
1 318 10 70
1 319 10 67
1 320 10 43
1 322 0 60
2 0 10 75
2 5 10 70
2 6 10 72
2 7 10 75
2 8 10 77
2 9 1 72
2 10 10 75
2 11 1 72
2 12 10 72
2 13 10 70
2 14 1 60
2 15 10 69
2 22 10 65
2 24 0 65
2 25 10 65
2 26 10 65
2 27 10 67
2 28 0 67
2 29 10 67
2 30 10 67
2 31 0 67
2 32 10 75
2 37 10 70
2 38 10 72
2 39 10 75
2 40 10 77
2 41 1 72
2 42 10 75
2 43 1 72
2 44 10 72
2 45 10 70
2 46 1 60
2 47 10 77
2 51 10 75
2 55 10 72
2 59 10 70
2 62 10 75
2 69 10 70
2 70 10 72
2 71 10 75
2 72 10 77
2 73 1 72
2 74 10 75
2 75 1 72
2 76 10 72
2 77 10 70
2 78 1 60
2 79 10 69
2 86 10 65
2 88 0 65
2 89 10 65
2 90 10 65
2 91 10 67
2 92 0 67
2 93 10 67
2 94 10 67
2 95 0 67
2 96 10 75
2 101 10 70
2 102 10 72
2 103 10 75
2 104 10 77
2 105 1 72
2 106 10 75
2 107 1 72
2 108 10 72
2 109 10 70
2 110 1 60
2 111 10 77
2 115 10 75
2 119 10 72
2 123 10 70
2 126 10 72
2 132 10 72
2 136 10 72
2 140 10 72
2 144 10 72
2 148 10 72
2 152 10 72
2 156 10 72
2 160 10 72
2 164 10 72
2 168 10 72
2 172 10 72
2 176 10 72
2 180 10 72
2 184 10 72
2 188 10 72
2 256 4 91
2 257 4 84
2 258 4 91
2 259 4 96
2 260 4 84
2 261 4 91
2 262 4 93
2 263 4 84
2 264 4 94
2 265 4 93
2 266 4 84
2 267 4 91
2 268 4 89
2 269 4 96
2 270 4 84
2 271 4 91
2 272 4 79
2 273 4 84
2 274 4 94
2 275 4 93
2 276 4 84
2 277 4 91
2 278 4 93
2 279 4 84
2 280 4 89
2 281 4 93
2 282 4 84
2 283 4 91
2 284 4 89
2 285 4 96
2 286 4 84
2 287 4 91
2 288 4 91
2 289 4 84
2 290 4 91
2 291 4 96
2 292 4 84
2 293 4 91
2 294 4 93
2 295 4 84
2 296 4 94
2 297 4 93
2 298 4 84
2 299 4 91
2 300 4 89
2 301 4 96
2 302 4 84
2 303 4 91
2 304 4 79
2 305 4 84
2 306 4 94
2 307 4 93
2 308 4 84
2 309 4 91
2 310 4 93
2 311 4 84
2 312 4 89
2 313 4 93
2 314 4 84
2 315 4 91
2 316 4 89
2 317 4 96
2 318 4 84
2 319 4 91
2 320 10 48
2 322 0 60
3 16 10 60
3 18 10 62
3 20 10 63
3 21 5 63
3 22 0 65
3 25 5 68
3 26 5 68
3 27 5 68
3 28 0 70
3 29 5 70
3 30 5 70
3 31 0 70
3 47 10 72
3 51 10 70
3 55 10 67
3 59 10 65
3 82 7 89
3 83 7 87
3 84 7 89
3 85 7 87
3 86 7 84
3 87 7 79
3 88 0 79
3 89 7 84
3 90 7 87
3 91 7 72
3 92 5 72
3 93 7 82
3 94 7 84
3 95 0 84
3 111 5 81
3 115 5 79
3 119 5 75
3 123 5 74
3 125 5 55
3 128 10 72
3 132 10 72
3 136 10 72
3 140 10 72
3 144 10 70
3 148 10 70
3 152 10 70
3 156 10 70
3 160 10 69
3 164 10 69
3 168 10 69
3 172 10 69
3 176 10 68
3 180 10 68
3 184 10 68
3 188 10 68
3 320 10 55
3 322 0 60
4 16 10 63
4 18 10 65
4 20 10 67
4 21 5 67
4 22 0 67
4 25 5 72
4 26 5 72
4 27 5 72
4 28 0 74
4 29 5 74
4 30 5 74
4 31 0 74
4 111 0 84
4 115 0 82
4 119 0 79
4 123 0 77
4 124 0 67
4 126 0 55
4 130 10 60
4 134 10 60
4 138 10 60
4 142 10 60
4 146 10 63
4 150 10 63
4 154 10 63
4 158 10 63
4 162 10 65
4 166 10 65
4 170 10 65
4 174 10 65
4 178 10 66
4 182 10 66
4 186 10 66
4 190 10 66
4 191 10 79
4 320 10 60
4 322 0 60
5 128 10 36
5 129 10 36
5 130 10 24
5 131 10 24
5 132 10 36
5 133 10 36
5 134 10 24
5 135 10 24
5 136 10 36
5 137 10 36
5 138 10 24
5 139 10 24
5 140 10 36
5 141 10 36
5 142 10 24
5 143 10 24
5 144 10 36
5 145 10 36
5 146 10 24
5 147 10 24
5 148 10 36
5 149 10 36
5 150 10 24
5 151 10 24
5 152 10 36
5 153 10 36
5 154 10 24
5 155 10 24
5 156 10 36
5 157 10 36
5 158 10 24
5 159 10 24
5 160 10 36
5 161 10 36
5 162 10 24
5 163 10 24
5 164 10 36
5 165 10 36
5 166 10 24
5 167 10 24
5 168 10 36
5 169 10 36
5 170 10 24
5 171 10 24
5 172 10 36
5 173 10 36
5 174 10 24
5 175 10 24
5 176 10 36
5 177 10 36
5 178 10 24
5 179 10 24
5 180 10 36
5 181 10 36
5 182 10 24
5 183 10 24
5 184 10 36
5 185 10 36
5 186 10 24
5 187 10 24
5 188 10 36
5 189 10 36
5 190 10 24
5 191 10 24
5 192 10 72
5 193 0 72
5 194 9 72
5 195 0 72
5 196 8 72
5 197 0 72
5 198 7 72
5 199 0 72
5 200 6 72
5 201 0 72
5 202 5 72
5 203 0 72
5 204 4 72
5 205 0 72
5 206 3 72
5 207 0 72
5 208 10 72
5 209 0 72
5 210 9 72
5 211 0 72
5 212 8 72
5 213 0 72
5 214 7 72
5 215 0 72
5 216 6 72
5 217 0 72
5 218 5 72
5 219 0 72
5 220 4 72
5 221 0 72
5 222 3 72
5 223 0 72
5 224 10 72
5 225 0 72
5 226 9 72
5 227 0 72
5 228 8 72
5 229 0 72
5 230 7 72
5 231 0 72
5 232 6 72
5 233 0 72
5 234 5 72
5 235 0 72
5 236 4 72
5 237 0 72
5 238 3 72
5 239 0 72
5 240 10 72
5 241 0 72
5 242 9 72
5 243 0 72
5 244 8 72
5 245 0 72
5 246 7 72
5 247 0 72
5 248 6 72
5 249 0 72
5 250 5 72
5 251 0 72
5 252 4 72
5 253 0 72
5 254 3 72
5 255 0 72
5 256 10 72
5 257 0 72
5 258 9 72
5 259 0 72
5 260 8 72
5 261 0 72
5 262 7 72
5 263 0 72
5 264 6 72
5 265 0 72
5 266 5 72
5 267 0 72
5 268 4 72
5 269 0 72
5 270 3 72
5 271 0 72
5 272 10 72
5 273 0 72
5 274 9 72
5 275 0 72
5 276 8 72
5 277 0 72
5 278 7 72
5 279 0 72
5 280 6 72
5 281 0 72
5 282 5 72
5 283 0 72
5 284 4 72
5 285 0 72
5 286 3 72
5 287 0 72
5 288 10 72
5 289 0 72
5 290 9 72
5 291 0 72
5 292 8 72
5 293 0 72
5 294 7 72
5 295 0 72
5 296 6 72
5 297 0 72
5 298 5 72
5 299 0 72
5 300 4 72
5 301 0 72
5 302 3 72
5 303 0 72
5 304 10 72
5 305 0 72
5 306 9 72
5 307 0 72
5 308 8 72
5 309 0 72
5 310 7 72
5 311 0 72
5 312 6 72
5 313 0 72
5 314 5 72
5 315 0 72
5 316 4 72
5 317 0 72
5 318 3 72
5 319 0 72
5 320 10 67
5 322 0 60
6 36 10 120
6 44 10 120
6 52 10 120
6 60 10 120
6 68 10 120
6 76 10 120
6 84 10 120
6 92 10 120
6 100 10 120
6 108 10 120
6 116 10 120
6 124 10 120
6 132 10 120
6 140 10 120
6 148 10 120
6 156 10 120
6 164 10 120
6 172 10 120
6 180 10 120
6 188 10 120
6 196 10 108
6 204 10 108
6 212 10 108
6 220 10 108
6 228 10 108
6 236 10 108
6 244 10 108
6 252 10 108
6 260 10 108
6 268 10 108
6 276 10 108
6 284 10 108
6 292 10 108
6 300 10 108
6 308 10 108
6 316 10 108
6 320 10 60
6 322 0 60
7 0 10 108
7 2 8 108
7 3 5 108
7 6 7 108
7 7 6 108
7 8 10 108
7 10 8 108
7 11 5 108
7 14 7 108
7 15 6 108
7 16 10 108
7 18 8 108
7 19 5 108
7 22 7 108
7 23 6 108
7 24 10 108
7 26 0 108
7 27 10 96
7 28 0 108
7 29 10 96
7 30 0 108
7 31 10 96
7 32 10 108
7 34 8 108
7 35 5 108
7 38 7 108
7 39 6 108
7 40 10 108
7 42 8 108
7 43 5 108
7 46 7 108
7 47 6 108
7 48 10 108
7 50 8 108
7 51 5 108
7 54 7 108
7 55 6 108
7 56 10 108
7 58 0 108
7 59 10 108
7 60 0 108
7 61 10 108
7 62 0 108
7 63 10 108
7 64 10 108
7 66 7 108
7 68 7 108
7 70 7 108
7 72 10 108
7 74 7 108
7 75 10 96
7 76 7 108
7 78 7 108
7 80 7 108
7 82 7 108
7 84 7 108
7 86 10 108
7 88 7 108
7 89 10 96
7 90 7 108
7 92 7 108
7 94 7 108
7 96 7 108
7 98 7 108
7 100 10 108
7 102 7 108
7 103 10 96
7 104 7 108
7 106 7 108
7 108 7 108
7 110 7 108
7 112 7 108
7 114 10 108
7 116 7 108
7 117 10 96
7 118 7 108
7 120 7 108
7 122 7 108
7 124 7 108
7 126 7 108
7 128 10 108
7 129 10 96
7 130 10 84
7 131 10 108
7 132 10 96
7 133 10 84
7 134 10 108
7 135 10 96
7 136 10 84
7 137 10 108
7 138 10 96
7 139 10 84
7 140 10 108
7 141 10 96
7 142 10 84
7 143 10 108
7 144 10 96
7 145 10 84
7 146 10 108
7 147 10 96
7 148 10 84
7 149 10 108
7 150 10 96
7 151 10 84
7 152 10 108
7 153 10 96
7 154 10 84
7 155 10 108
7 156 10 96
7 157 10 84
7 158 10 108
7 159 10 96
7 160 10 84
7 161 10 108
7 162 10 96
7 163 10 84
7 164 10 108
7 165 10 96
7 166 10 84
7 167 10 108
7 168 10 96
7 169 10 84
7 170 10 108
7 171 10 96
7 172 10 84
7 173 10 108
7 174 10 96
7 175 10 84
7 176 10 108
7 177 10 96
7 178 10 84
7 179 10 108
7 180 10 96
7 181 10 84
7 182 10 108
7 183 10 96
7 184 10 84
7 185 10 108
7 186 10 96
7 187 10 84
7 188 10 108
7 189 10 96
7 190 10 84
7 191 10 72
7 320 10 79
7 322 0 60
